all      37655      72504       0.66      0.715      0.725      0.626
               class_3      37655       1044      0.975      0.942      0.989      0.917
               class_9      37655       1820      0.826      0.603      0.807      0.709
              class_12      37655       1842      0.787      0.972      0.958      0.881
              class_17      37655       2395      0.826      0.935      0.913      0.809
              class_18      37655       1944      0.625       0.99      0.851      0.768
              class_26      37655       1564      0.861       0.99      0.984      0.908
              class_30      37655       1881      0.683      0.679      0.675      0.572
              class_41      37655       1142      0.744       0.62      0.756      0.671
              class_45      37655       1860     0.0873     0.0441      0.249       0.21
              class_50      37655       1946      0.845      0.776      0.881      0.771
              class_51      37655       1268      0.792      0.999      0.955      0.872
              class_57      37655       1830      0.675       0.99      0.864      0.782
              class_61      37655       1893      0.473      0.829      0.526      0.481
              class_62      37655       1872       0.53      0.149      0.538      0.474
              class_65      37655       1403      0.613      0.865      0.685      0.568
              class_67      37655       2671      0.672      0.762      0.728      0.586
              class_74      37655       1705      0.752      0.999       0.95       0.87
              class_89      37655       1937      0.783      0.962      0.888      0.769
              class_94      37655       1659      0.668      0.998       0.94      0.853
              class_95      37655       1871      0.601      0.334      0.586      0.508
              class_99      37655       1811      0.928       0.95      0.979      0.813
             class_100      37655       1527      0.668      0.682      0.654      0.524
             class_103      37655       1652      0.509      0.442       0.47      0.398
             class_109      37655       1879      0.763      0.992      0.872       0.77
             class_112      37655       1636      0.633      0.755      0.617      0.506
             class_116      37655       1818      0.763      0.878      0.845      0.721
             class_124      37655       1985          0          0    0.00527     0.0026
             class_130      37655       2201    0.00457   0.000909    0.00685    0.00188
             class_131      37655       1966          0          0     0.0397     0.0184
             class_133      37655       1329      0.839      0.951      0.966      0.767
             class_150      37655       2142      0.792      0.907      0.889      0.704
             class_154      37655       2073      0.593       0.97      0.814      0.724
             class_156      37655       2438      0.745       0.82      0.868      0.724
             class_162      37655       1838      0.701      0.996      0.844      0.726
             class_163      37655       1988      0.635      0.643      0.609      0.487
             class_170      37655       2289      0.966      0.213      0.744       0.65
             class_174      37655       1745      0.766      0.649      0.796      0.717
             class_183      37655        965      0.875      0.874      0.876      0.788
             class_192      37655       1919      0.769      0.956      0.839      0.662
             class_200      37655       1756      0.614      0.495      0.539      0.374


             classe 192
Single IoU calculation took 0.1617 secs
avg precision: 0.0364